s: (123.7184, 292.54)
e: (654.1475, 291.1451)
w: (0.0, 61.9248504638672, 782.350463867188, 310.113464355469)
