s: (786.51, 214.0853)
e: (1329.398, 213.3878)
k: (-823.3644, 235.2616)
w: (-899.865844726563, 0.0, 2380.99438476563, 295.924591064453)
