p: (39.88409, -434.1508), (229.6957, -365.3021), (384.3653, -346.7255), (485.073, -394.2638), (740.8596, -418.0626), 0.75
s: (115.3787, -513.8401)
p: (748.0634, -423.513), (901.9397, -312.3674), (1169.164, -517.184), 0.5
p: (1151.041, -423.3305), (1286.221, -325.4861), (1631.322, -470.1654), 0.5
p: (1417.491, -118.9626), (1673.12, -214.3376), (1784.176, -109.4269), (1819.413, -66.08792), (1926.422, -465.6811), 0.5
p: (1277.801, -225.6217), (1637.141, -371.0199), 1000.0
p: (1418.034, -118.7861), (1577.502, 134.4999), (1946.538, 385.1949), 1000.0
p: (1619.192, -182.7482), (1560.031, -133.4319), (1783.493, 111.8008), (1837.886, 152.8708), (1848.513, 209.7603), 1000.0
p: (1278.62, -229.0766), (1279.942, -177.9861), (1296.834, 474.6355), 1000.0
e: (1533.92, 344.7067)
w: (0.0, -703.704162597656, 1948.25671386719, 1181.13354492188)
