e: (869.4538, 588.6493)
s: (111.7191, 131.1356)
p: (40.30179, 213.0779), (165.4111, 272.0574), (338.128, 212.3796), 1.0
p: (363.7969, 211.6015), (520.3259, 283.4242), (689.5833, 210.2035), 1.0
p: (713.3116, 207.4073), (854.8229, 210.2721), (914.0521, 145.5435), (995.7581, -54.31313), 1.0
p: (877.622, 344.2089), (798.5958, 384.5424), (766.964, 418.3264), (722.4764, 651.7566), 1000.0
k: (864.621, -587.9357)
w: (0.0, -703.704162597656, 1006.1357421875, 1374.36254882813)
