s: (179.8133, 430.9206)
f: (1327.867, 467.209)
p: (268.0145, 507.0544), (1811.392, 112.8618), 1000.0
p: (2014.862, 508.3412), (2974.913, 112.1468), 1000.0
e: (3087.021, 428.3369)
p: (2000.856, 16.31061), (2002.992, 338.2135), 1000.0
p: (1425.902, 513.0875), (1497.477, 402.6408), (1567.844, 513.0875), 2.0
w: (0.0, 0.0, 3226.4296875, 510.10302734375)
