s: (373.3594, 918.5234)
f: (183.9225, 959.0673)
p: (530.7962, 507.6208), (532.2328, 55.59192), 1000.0
k: (680.1762, 337.4059)
p: (811.2288, -346.1466), (813.0295, 845.8652), 2.0
p: (801.6536, 995.6859), (1924.695, 455.9574), 1000.0
e: (1951.743, 917.3795)
p: (530.9299, 749.4201), (429.9764, 624.9949), (528.2968, 653.4713), (529.5707, 508.3719), 2.0
p: (533.027, 752.2161), (536.561, 997.5754), 1000.0
f: (102.1645, -208.1261)
p: (4.712097, -311.8912), (116.6715, -365.0174), (238.9257, 103.9116), 2.0
p: (105.8577, 624.6589), (105.8965, 541.4744), 2.0
p: (86.98389, 568.0378), (105.8966, 540.7755), 2.0
p: (106.5566, 542.1736), (122.6731, 565.2416), 2.0
w: (0.0, -481.467956542969, 2079.21826171875, 1481.55859375)
