s: (164.0869, 919.397)
e: (847.5344, 171.8447)
k: (96.02737, 90.91307)
k: (-781.2836, 553.3521)
k: (351.7095, 88.85719)
k: (-665.8317, 234.4578)
k: (922.2802, 523.5826)
p: (446.6344, 606.0171), (755.9161, 336.3906), (995.4111, 394.9102), 1000.0
p: (222.5417, 213.1363), (620.0839, 248.7663), (675.7104, 1.689789), 1000.0
f: (506.1718, 255.0733)
p: (-655.1536, 769.6859), (-96.34341, 660.8712), (157.5185, 529.7521), 1000.0
f: (-513.7916, 717.5548)
w: (-867.761535644531, -35.2508544921875, 1867.76147460938, 1035.25085449219)
