p: [(53.1803, 139.2827), (116.6414, 226.5738), (526.3632, 275.6901), (546.1606, 244.1084), (582.3844, 111.3216)], 2
s: (111.8987, 61.69051)
k: (690.6948, 50.50604)
e: (636.1412, 625.9329)
p: [(214.2609, 577.332), (625.7936, 461.2426), (753.2512, 308.2057)], 2
p: [(98.22208, 724.7666), (403.1924, 700.9998), (553.3289, 597.5434)], 2
w: (0.0, 0.0, 765.811767578125, 740.348876953125)
